105,Aaron,0411112226
102,Ali,0411112223,0422221112,0422221113
100,Alice,0411112221
115,Anthony,0411112236
101,Bob,0411112222,0422221111
114,Daniel,0411112235
112,Elton,0411112233
120,Forest
117,Harry,0411112238
108,James,0411112229
106,Jessica,0411112227,0422221117
113,Joe,0411112234,0422221118,0422221119,0422221120
116,Kelvin,0411112237
119,Lei,0411112240,0422221121,0422221122,0422221123
110,Matthew,0411112231
111,Paul
103,Reza,0411112224
104,Ryan,0411112225,0422221114,0422221115,0422221116
109,Shaahin,0411112230
107,Xudong,0411112228
118,Zhaowei,0411112239
